Level 1
0.016865469,0.021402836,0.027058315,0.040996937,0.07066551,0.066262767,0.08312942,0.076596214,0.092512392,0.09814386,0.106600868,0.108016684,0.101387772,0.109329464,0.097552149,0.110757309,0.096947883,0.094758312,0.090289128,0.105385849,0.084488588,0.09759109,0.098255328,0.112547554,0.09315281,0.099756354,0.094928971,0.105499411,0.099264415,0.099658854,0.10714613,0.097128381,0.089217112,0.099062569,0.106225447,0.100789842,0.10072595,0.082740372,0.099240964,0.116137757


Level 2
0.033161942,0.050072521,0.100977639,0.133948336,0.148963986,0.16741437,0.169030457,0.202553689,0.209522442,0.241432548,0.342009754,0.306264099,0.325312766,0.344106044,0.360443561,0.402654985,0.376522531,0.433946116,0.407336387,0.463631996,0.417953637,0.484803714,0.443002811,0.446129931,0.505126367,0.511186994,0.978320722,0.955349308,0.868437358,0.723818279,0.623948161,0.630450572,0.659000391,0.694464701,0.680102004,0.724351412,0.760588817,1.788303636,1.719668231,1.57077348


Level 3
0.070019924,0.145606471,0.18982571,0.167933939,0.1904867,0.212641823,0.251021417,0.278666462,0.322587177,0.372418587,0.437206454,0.516610118,0.589196938,0.667098919,0.662805757,0.816819563,0.860520695,1.030112815,1.075641544,1.638993804,1.632200589,1.53547564,1.65780548,1.814503663,1.964248186,2.074511592,2.396884477,3.352375023,3.393296345,3.557211636,3.414200751,3.647035027,3.914901168,4.37993921,4.463739216,4.921462872,5.300371914,5.901108099,7.814979175,7.517688164


Level 4
0.11185815,0.156205243,0.188604872,0.178033382,0.220681907,0.254570525,0.306060613,0.375630436,0.461494541,0.573922355,0.687793857,0.75232163,0.914590099,1.062142149,1.208905488,2.006540797,1.975974558,2.002242497,2.082444905,2.280922694,2.66042983,3.091116834,4.374693173,4.269320007,4.66214727,4.527869032,4.934200514,5.624322315,5.916104658,6.326193756,7.066927341,9.46840722,10.239170286,10.165555697,11.021879623,10.757822326,12.475283031,12.344343022,18.765897623,18.726684535


