Level 1
3.674121067,3.469723859,3.871271778,3.626944956,3.963579455,4.212740991,3.898016506,3.565713676,3.615397978,3.872868921,3.773137318,4.131720556,3.779047631,4.01368798,3.753407989,4.052611632,4.370218749,4.195663817,4.351402532,4.264448896,4.190701495,4.180585023,4.151702956,4.247370645,4.222697245,4.129471316,4.19919948,4.221566851,4.37499959,4.376357503


Level 2
3.758899565,3.823344912,3.786237168,3.909918387,3.913238053,4.015108451,4.198246568,4.088651813,4.246589647,4.372943464,4.54456774,4.508260709,4.782924259,4.837070681,4.939545732,4.861841313,5.354129396,5.437671655,5.836024348,4.401533746,5.965327793,6.276585255,6.448444897,6.302461182,5.861452679,6.143502232,6.597703693,6.996949155,7.520697109,7.641696611


Level 3
3.941811059,3.817975087,3.911942101,4.549245802,4.333846649,4.47668714,4.641435579,4.669700348,4.868407744,5.144543842,5.185452536,5.54780355,5.612569775,5.119712359,6.972287414,7.255243205,7.107335193,7.947302325,6.823609829,7.579923717,9.199906575,8.856292149,9.488010158,9.865305915,10.434754277,11.600865267,12.446939318,13.131617981,14.611551718,15.376592075


Level 4
3.938073813,4.193413867,4.381466427,4.203745256,4.729637456,4.664101544,4.981447854,4.694088335,5.717779109,5.517011555,4.913836829,5.564660151,7.630391911,6.782136423,7.435356743,7.506721186,8.905341635,9.693557698,10.984646192,11.306742077,12.35222758,13.361511492,15.482268373,16.238180669,17.801521594,18.675584982,20.019056728,20.691442308,22.17202466,24.849508691


